image_width: 1440
image_height: 1080
camera_name: trafficlight
camera_matrix:
  rows: 3
  cols: 3
  data: [3479.00985,    0.     ,  741.54149,
            0.     , 3474.47328,  546.32356,
            0.     ,    0.     ,    1.     ]
distortion_model: plumb_bob
distortion_coefficients:
  rows: 1
  cols: 5
  data: [-0.040480, 0.587582, 0.000129, 0.000412, 0.000000]
rectification_matrix:
  rows: 3
  cols: 3
  data: [1., 0., 0.,
         0., 1., 0.,
         0., 0., 1.]
projection_matrix:
  rows: 3
  cols: 4
  data: [3476.37207,    0.     ,  741.1745 ,    0.     ,
            0.     , 3471.24365,  545.85716,    0.     ,
            0.     ,    0.     ,    1.     ,    0.     ]
