image_width: 1920
image_height: 1080
camera_name: camera1
camera_matrix:
  rows: 3
  cols: 3
  data: [2040.68748, 0.0, 952.05624, 0.0, 2036.7184, 563.15746, 0.0, 0.0, 1.0]
distortion_model: plumb_bob
distortion_coefficients:
  rows: 1
  cols: 5
  data: [-0.56286, 0.23062, -0.00545, -0.00295, 0.0]
projection_matrix:
  rows: 3
  cols: 4
  data: [1731.35999, 0.0, 940.25042, 0.0, 0.0, 1950.21997, 561.98305, 0.0, 0.0, 0.0, 1.0, 0.0]
rectification_matrix:
  rows: 3
  cols: 3
  data: [1.0, 0.0, 0.0, 0.0, 1.0, 0.0, 0.0, 0.0, 1.0]